0.02073044970414084
0.016020480712164553
0.02341453175775321
0.013324484398215652
0.013468448736997818
0.018092980740739062
0.01072026488095168
0.0185912207407386
0.01090421726190427
0.015890195845696287
0.02377527621860931
0.018593445925924934
0.02076260946745323
0.015594759643915546
0.016063403560829137
0.015969023738870325
0.01620227596438939
0.015579637982194638
0.018109371851849576
0.016013667655784714
0.018768722962961726
0.013299408618125619
0.01338570876671541
0.01556848071216399
0.015963525222550068
0.020809142011831705
0.018175834074072528
0.013395013372955233
0.015943575667653698
0.018145905185183997
0.01813591703703521

Median: 0.016020480712164553
Average: 0.01675522517485071
Smallest value: 0.01072026488095168
Largest value: 0.02377527621860931