0.01549857270029531
0.012950335809805757
0.013065589895987384
0.021194914201181803
0.016185100890206194
0.01876074370370162
0.015641175074183167
0.01595059050444958
0.01881925925925687
0.01809469333333169
0.018564702222220508
0.011131113095236844
0.015543712166170898
0.011071092261902282
0.018129250370369276
0.013320915304606218
0.015600341246289617
0.01596916023738748
0.01625511275964331
0.015555474777446787
0.018555694814813117
0.018238797037035348
0.013085396731053467
0.021395115384613472
0.0185691140740728
0.018753712592591176
0.015558640949552949
0.01815359111110948
0.01621658456973163
0.01612589910978901
0.015536035608306853

Median: 0.01612589910978901
Average: 0.01637065909020458
Smallest value: 0.011071092261902282
Largest value: 0.021395115384613472