0.0035505199781066255
0.0035264367816094655
0.0035244663382598684
0.00351636562671076
0.0031914614121509866
0.003307936507936482
0.0035087027914616487
0.0030695128626163637
0.003522933771209824
0.003523590585659875
0.0034596606458680013
0.0035459222769569365
0.003457471264368017
0.0035095785440615312
0.003501477832512534
0.0031323481116584118
0.00336704980842939
0.0034592227695678934
0.0035614668856051024
0.003530158730159161
0.0034281335522716727
0.0034679802955668304
0.0034935960591135906
0.003551395730706397
0.003333771209633407
0.0035242474001098145
0.0035069512862618835
0.0034760810071157167
0.0035389162561578758
0.0035389162561578758
0.0034086480569238686

Median: 0.0035069512862618835
Average: 0.003452739375320252
Smallest value: 0.0030695128626163637
Largest value: 0.0035614668856051024