0.10828714509277837
0.10828651911468756
0.108282852671584
0.10828240554437651
0.10829116923764703
0.1082816007154026
0.10828061703554559
0.10828169014084421
0.10828616141292158
0.10828383635144134
0.10828455175497353
0.10828347864967502
0.10828526715850606
0.10828419405320755
0.1082820478426102
0.10828070646098709
0.10828821819807644
0.10828401520232456
0.10827981220657179
0.10828875475072675
0.1082844623295317
0.1082836575005579
0.10828133243907812
0.10828347864967491
0.10828777107086929
0.10830431477755309
0.10830485133020318
0.10828195841716859
0.10828303152246754
0.10828580371115504
0.10828750279454458

Median: 0.10828401520232456
Average: 0.10828558735928036
Smallest value: 0.10827981220657179
Largest value: 0.10830485133020318