0.0020973333333337285
0.001400693703308864
0.0013861792956245678
0.0013307897545360436
0.00235301333333382
0.0013660085378873754
0.0013047491995731297
0.004548801278637549
0.0011900213447175734
0.0021577066666673694
0.0013916221985060817
0.00142524012806855
0.003226279317698366
0.0034474946695105535
0.008766666666674583
0.0022415466666673156
0.002410400000000812
0.001221824973319352
0.0012805229455710165
0.004246297282899381
0.001151280683031275
0.0025083200000006745
0.0013927961579509596
0.0014286552828178811
0.001323532550693951
0.004252370804476713
0.0024229866666671818
0.0012794557097119963
0.009486981934120786
0.002414240000000789
0.0013950373532553018

Median: 0.0014286552828178811
Average: 0.002511253175460114
Smallest value: 0.001151280683031275
Largest value: 0.009486981934120786