0.01887217481481307
0.021213926035501096
0.026335439528021642
0.018653493333331217
0.021152792899406636
0.023460785819791052
0.016039356083085043
0.016029902077150382
0.025990038348081113
0.0159979317507406
0.02121744674556092
0.018777831111110088
0.01607997032640851
0.018231679999997974
0.023813621861150547
0.018769825185182998
0.018661395555553906
0.016067424332343205
0.023722788774001136
0.015692943620177036
0.01821781629629371
0.023407072378136773
0.016200335311572056
0.016082370919880074
0.018767991111109605
0.018173629629628762
0.018787262222220935
0.01615361721068176
0.018774823703702648
0.023753775480057637
0.01608848367952398

Median: 0.018767991111109605
Average: 0.01932864342400697
Smallest value: 0.015692943620177036
Largest value: 0.026335439528021642