5.428004535152908E-4
0.001509858356941285
5.152494331068791E-4
5.107142857145863E-4
5.373582766443619E-4
5.125283446714146E-4
0.0013236827195471923
5.127551020409626E-4
5.153628117915421E-4
0.0012295184135984183
5.289682539686424E-4
4.910997732426869E-4
5.210317460320191E-4
4.91213151927572E-4
0.0014150141643065606
5.20918367347134E-4
5.185374149661026E-4
5.271541950115921E-4
5.20351473923153E-4
4.91666666666779E-4
5.185374149662136E-4
5.152494331067681E-4
5.432539682543869E-4
5.220521541952072E-4
5.152494331067681E-4
5.271541950115921E-4
5.349773242634415E-4
4.981292517007851E-4
4.950680272111097E-4
5.202380952383789E-4
5.20691609977586E-4

Median: 0.000520351473923153
Average: 0.0006273027197418198
Smallest value: 0.0004910997732426869
Largest value: 0.001509858356941285