48194.92010274794
48194.92010274798
48194.92010274794
48194.92010274793
48286.76000586225
48286.76000586225
48267.70621088626
48194.92010274793
48194.92010274793
48194.92010274795
48194.92010274793
48286.76000586225
48286.760005862256
48194.92010274793
48194.920102747936
48286.76000586225
48194.920102747936
48286.76000586225
48194.92010274794
48286.76000586225
48286.760005862256
48194.92010274793
48194.92010274793
48194.92010274793
48286.76000586225
48286.760005862256
48286.76000586225
48194.92010274793
48194.920102747936
48194.92010274794
48194.92010274793

Median: 48194.92010274794
Average: 48229.8563944381
Smallest value: 48194.92010274793
Largest value: 48286.760005862256