6804.532239779169
6805.1993936308645
6814.426197776722
6802.680735205887
6830.386571059206
6820.174319490101
6805.260267894762
6807.8562471275045
6802.571771304912
6799.18274885342
6800.339547864075
6801.631515925857
6805.437355227952
6813.255725570504
6823.324806387694
6803.101725019921
6798.602063930066
6801.316293524517
6806.258811157615
6802.73233542239
6817.263037424216
6800.277252634021
6807.787812580282
6802.398859027663
6808.0519332068525
6817.193551639276
6819.335308391775
6815.159006864662
6802.507313275221
6800.094610709671
6837.5265483346175

Median: 6805.260267894762
Average: 6808.898900201334
Smallest value: 6798.602063930066
Largest value: 6837.5265483346175