53602.51306021248
53899.81964541174
53828.804668660545
55012.45881199467
53546.35101097583
53923.95755876378
52803.14416110438
52308.684445334526
53762.39877144182
52779.58445316308
54768.89367040061
54381.31813558085
54112.26670289461
52661.57389417555
54594.80611910185
53110.88952832523
54393.97499626295
52364.42293422764
54354.936964105924
55019.094402650655
54051.954143998315
55208.27953637723
53490.253290772744
55280.866877649314
53026.58208436998
52510.08897830349
52595.54890987671
53582.715848504085
53660.08555214275
54626.33197295414
53247.47671559552

Median: 53762.39877144182
Average: 53758.38960791396
Smallest value: 52308.684445334526
Largest value: 55280.866877649314