66028.10357766027
66304.60809281887
66056.84932718078
66125.7958974506
66101.03976401061
66188.83333198723
66133.76443611075
66241.49700340406
65987.0706806367
66055.92316348855
65836.93402402913
66316.2159054128
66208.28089670096
66107.35513605484
66547.29987261427
66363.59954529155
66480.81546548326
66111.76371835524
66281.91962175824
66156.54423006017
66391.08151362762
66207.63896899429
65592.70898582121
65930.81535252779
66017.04024974657
65850.87800071985
66133.0122002164
65911.6842157936
66421.96386364044
66053.54685248701
66141.47063596602

Median: 66133.0122002164
Average: 66138.25982354998
Smallest value: 65592.70898582121
Largest value: 66547.29987261427