2.07805006321394E7
2.1012985498777524E7
2.0950598660352428E7
2.0679607646449078E7
2.0771998822555125E7
2.0871077419742376E7
2.0834807415456735E7
2.083668086816612E7
2.0821903446421463E7
2.077858352610513E7
2.0691666831410877E7
2.1046379139073152E7
2.0662037226311956E7
2.0779916383851204E7
2.1001305440786734E7
2.0758482696685344E7
2.0673387733586416E7
2.070143361483265E7
2.0771789610095646E7
2.079892972588197E7
2.0807435743155602E7
2.075690702403506E7
2.0753719035739936E7
2.0777117774524864E7
2.067393999492005E7
2.0744334653912153E7
2.1273672279715065E7
2.103228728252953E7
2.077949316457997E7
2.0752076824003745E7
2.0800297071018945E7

Median: 20779493.16457997
Average: 20818559.78021988
Smallest value: 20662037.226311956
Largest value: 21273672.279715065