20654.902129801452
20652.627228976435
20654.368440964095
20670.325612748227
20652.472687253732
20654.064237017534
20654.902129801452
20654.749445948502
20654.902129801452
20652.472687253732
20655.206675619975
20653.6411571029
20654.064237017534
20669.981352904706
20654.902129801452
20654.218778740236
20656.493679565254
20653.992315478536
20654.902129801456
20655.206675619975
20654.902129801452
20652.472687253732
20652.62722897644
20654.902129801452
20652.168141435213
20652.472687253732
20655.206675619975
20654.902129801452
20654.064237017534
20652.472687253732
20655.206675619975

Median: 20654.749445948502
Average: 20655.154621646878
Smallest value: 20652.168141435213
Largest value: 20670.325612748227