12311.996870494531
13300.397907843057
12266.890815618288
13292.61362928852
13300.557758853201
13306.175165265893
13292.795271833415
13301.189658287622
13295.298381209499
12296.400043243339
13294.949136897194
13298.374782381705
13314.253169871783
12353.626857597937
12273.026093978428
13292.972255150535
12299.008321382636
13304.671857103696
12287.864157223412
13354.075939630837
13303.492222054996
13299.14413248477
13294.022439917531
12287.398604572416
13292.007551948294
13288.359153663774
13290.394114291248
12285.032895538756
12270.649705123633
12278.366459853938
13339.799935730387

Median: 13292.795271833415
Average: 12944.058235107592
Smallest value: 12266.890815618288
Largest value: 13354.075939630837