145310.4072059192
147226.67635987813
145346.9086480936
146990.81391261326
145467.52171622182
145424.31207445048
142607.9093937964
146994.53446101502
148174.69669553003
143700.93475055342
145401.4889739742
148466.74204102816
143910.7859500572
148276.63437298124
144186.04091551888
148516.70584447565
143917.3990153786
143895.13420255
147075.16490547764
148265.80384994802
144022.08642641403
143896.2803346172
146938.7688011396
143993.34662767785
144065.57092229289
144090.8469831263
145328.993812498
145641.55844069342
145582.10345196276
146970.40487663768
145392.25922986405

Median: 145401.4889739742
Average: 145647.70436117367
Smallest value: 142607.9093937964
Largest value: 148516.70584447565