63433.56115165502
64790.07553529776
60640.85321579047
64917.59411937638
63622.3957405545
63327.79227195306
63568.53210304283
64721.81422233435
64631.80385648471
70005.96103323277
65992.19529175741
60166.01067966059
63708.99409443203
65438.11237759191
60145.7294127989
61657.99858332109
61004.199271548525
62327.80563340307
64682.26548627142
64776.95573273365
62735.660426989656
65118.987510128376
62223.91407456417
66049.8470080315
72009.687681021
64714.2131629166
60145.06421623711
63827.99306576059
63259.648400015525
64107.904009900114
60560.76979151553

Median: 63708.99409443203
Average: 63816.591585816794
Smallest value: 60145.06421623711
Largest value: 72009.687681021