145205.4425731094
144800.99635498936
144552.95367890134
145590.6372472325
144429.78001253417
145121.18719379342
145336.64577556206
144630.44330072447
144737.56221595604
143533.0366868773
145857.89006286298
144851.49678743296
145809.59901026764
145151.72914397222
146548.13948064484
145027.45555302608
146096.82874778536
145323.02156024094
145183.73257113557
144840.37232619774
145526.01674153877
146232.4699112534
144752.5458836574
146725.7220924507
145386.97005847728
144985.17027354587
143479.0306488492
147801.7918122711
145823.37385085542
146124.2343605277
146006.18447320987

Median: 145205.4425731094
Average: 145337.82130289945
Smallest value: 143479.0306488492
Largest value: 147801.7918122711